,PCA 1,PCA 2,PCA 3
0,3.316750812214775,-1.4434626343180088,-0.1657390446144187
1,2.209464916918855,0.3333928870803002,-2.026457373807536
2,2.516740146610382,-1.0311512962743221,0.9828186702120614
3,3.757065609773205,-2.756371913710715,-0.1761918421994918
4,1.008908493795715,-0.8698308214172054,2.0266882192354077
5,3.050253922418079,-2.1224011146341937,-0.6293958270439113
6,2.4490896695962343,-1.1748501316494744,-0.9770948907141951
7,2.0594368714379137,-1.6089630683635088,0.1462818830615589
8,2.5108742973989893,-0.918070957333778,-1.770969027228941
9,2.7536281876339097,-0.7894376738336075,-0.9842474895182354
10,3.4797366827312115,-1.302333237123596,-0.4227352165808463
11,1.7547529012945888,-0.6119772287456322,-1.1908783196301738
12,2.113462340315095,-0.6757063391426191,-0.865086425616653
13,3.4581568193367236,-1.1306298761729396,-1.2042763525381877
14,4.312783906765562,-2.0959755753412646,-1.2639127523579983
15,2.305188200827971,-1.6625517299890582,0.21790261559595858
16,2.171955273741512,-2.3273053361914213,0.8317298659860082
17,1.8989711765627604,-1.6313688786428389,0.7949137923810711
18,3.541985081943468,-2.518343669306649,-0.4854585076662909
19,2.0845222047303134,-1.0611379935838618,-0.16474667849947483
20,3.1244025351672016,-0.7868971056508964,-0.36488708298884664
21,1.08657006833224,-0.241743551332841,0.936961599610644
22,2.5352240799037165,0.09184062072087966,-0.31193265934796943
23,1.6449883412544697,0.5162789300672342,0.14388509467079477
24,1.7615758722693013,0.31714893268438077,0.8902856474056887
25,0.9900791016088553,-0.9406673381906353,3.820908008194837
26,1.7752776281133686,-0.6861751342850252,-0.08670040648876222
27,1.2354239643099059,0.08980704136063995,-1.3868965448964363
28,2.188406334451962,-0.6895696206616256,1.39456688085036
29,2.2561089812837083,-0.1914619368866658,-1.0926572575082933
30,2.5002200257894254,-1.2408338348969439,1.386017854715678
31,2.6774110474440143,-1.4718736461032502,-0.33226172837509366
32,1.6285791164309198,-0.052704450575323886,-0.16712870624533321
33,1.9026908622381464,-1.6330604347699844,1.1720821191753454
34,1.4103885265954061,-0.6979343246113576,0.4797430251686612
35,1.903826232194487,-0.17671095109545648,0.4508350400372086
36,1.384862230374839,-0.6586398536611503,0.45843858085206257
37,1.12220741044131,-0.11410976029688867,-0.039107276689749164
38,1.5021945006181932,0.7694320064310085,-1.426177345890461
39,2.5298010923718115,-1.8030019760618303,-0.34315238897969164
40,2.5880954258544024,-0.7796163041925086,-0.11847746611373576
41,0.6684819937541866,-0.16996094061987546,-0.7833625480611449
42,3.070806990412008,-1.1559189566098853,-0.31275808393415383
43,0.4622091375160073,-0.3307421321922751,-0.20147649625677203
44,2.101351930538017,0.07100892095406627,-0.6558494150434349
45,1.1361661775610172,-1.7771073929776389,0.02870573578475163
46,2.726600963640804,-1.1913346919571854,-0.5397732611476721
47,2.8213392741922503,-0.6462585991417048,-1.1555524107274069
48,2.0098508509123585,-1.2470294606787609,-0.057293987939921916
49,2.7074913042663935,-1.7519674072063387,-0.6431136120007933
50,3.214917474773823,-0.16699199499679246,-1.9735716799013718
51,2.858959826717293,-0.7452788039895898,0.004719502164697784
52,3.5056043559232237,-1.6127338560350135,-0.5207745300761738
53,2.2247913805321717,-1.8751679995630268,0.3395498503542095
54,2.1469878235638675,-1.0167515377576606,-0.9577627619503273
55,2.469329483797787,-1.329008310649623,0.5134374530359684
56,2.7415179142774524,-1.436548783512516,-0.6124733957169588
57,2.173740920965307,-1.2121998406977963,0.2617795927707909
58,3.1393801518289957,-1.7315791159925147,-0.2856614126164492
59,-0.9285819689218532,3.0734861631889308,-4.585064007148204
60,-1.5424801378968809,1.3814435080942291,-0.8746831124458083
61,-1.8362497634669404,0.8299841230557193,-1.6057021863206182
62,0.03060683408668138,1.2627861442114037,-1.7844080104188538
63,2.0502616075763167,1.9250326046501016,-0.007368777349817221
64,-0.6096808271776213,1.9080588050851885,0.679357937977536
65,0.9002278387071443,0.7639114736096088,0.5733613020971915
66,2.2485071907983976,1.8845924845501332,-2.0318401928675844
67,0.1833840266847571,2.427146114703572,-1.0697455602477979
68,-0.8128050273520718,0.22051398690226973,-0.7070053958009662
69,1.9756204987985553,1.4032832253096155,-1.2382762196848685
70,-1.5722162196262992,0.8849831369082239,-0.6289979502315952
71,1.6576818088332919,0.9567121974591498,1.9525842166061977
72,-0.7253723880353543,1.0636454007060963,0.08033222861543682
73,2.562227173170361,-0.26019855065459657,3.374393962239753
74,1.8325675700495478,1.2878781978605256,0.45828002739955614
75,-0.8679929031954111,2.4441011855808648,-1.5633331789503788
76,0.37001440429478494,2.15390697515699,-2.449386348303737
77,-1.4573770449061385,1.38335176907626,-0.22730690232730602
78,1.2629308497284992,0.7708495299701175,-1.1842245173752441
79,0.37615037193424133,1.0270434033558224,1.7944662945426582
80,0.7620639041096011,3.375053809963536,-0.3574700555394648
81,1.0345779671651882,1.450709738244092,-0.36301177316396044
82,-0.4948767556803263,2.3812435267673706,1.3357431762848653
83,-2.5389770842951203,0.08744335730498357,0.4742513927691486
84,0.8353201453942978,1.4736705514008674,0.6100935756921051
85,0.7879046149897112,2.026626522462478,-0.2547234039695503
86,-0.8068321559655375,2.2338303908439134,0.7728557971982642
87,-0.5580426248756815,2.3729854288494554,2.307611404012002
88,-1.1151110419194459,1.8022471916654537,0.9592533076886535
89,-0.5557228299517003,2.6575400353922936,0.8491268977432248
90,-1.349285282443729,2.1180014697848195,-0.04765232084869139
91,-1.564482605719905,1.8522145217655515,0.7810670309346317
92,-1.9325556106314623,1.5594954568986228,-0.08927467610867733
93,0.7466659419884519,2.3129317092207398,0.11467976874541505
94,0.9574553638036415,2.22352843466746,0.1424447736987239
95,2.5438651841995537,-0.1692740227997411,0.788696990745473
96,-0.5439525887762291,0.36892654587731705,1.308895931856855
97,1.0310497503881508,2.565569348733524,-1.0863901738177388
98,2.2519094221481257,1.4327413803542546,-0.23020824379781413
99,1.410216015337462,2.1661917693703847,0.7488964107708797
100,0.7977197926930426,2.376948803081863,-1.5681125312755264
101,-0.5495317266494628,2.293128643245628,-1.498935323201078
102,-0.16117373994854484,1.164483321560016,1.003713102837355
103,-0.6597949416843586,2.6799611859896366,-0.7649208684795142
104,0.3923544081850838,2.0987317087655377,-0.471850007609739
105,-1.7724990779600336,1.717288469376144,0.9470331744608668
106,-0.366267357352063,2.1693532978292835,-0.48132423474228975
107,-1.6206725727874782,1.3555833880259585,0.2871590006956171
108,0.08253578349332977,2.306234587748326,-0.4635749893739542
109,1.5782750709323823,1.4620342902048158,1.7796459547332826
110,1.4205692478240175,1.4182066376337503,0.13927582948818878
111,-0.278702753648853,1.9305680886704686,0.07867055304723362
112,-1.3031449662482806,0.7631723136577918,1.9995965104868547
113,-0.4570718656526233,2.269415607589675,1.0613389675926643
114,-0.4941858470443744,1.939045049486833,1.3239380723766936
115,0.48207440977309524,3.8717838484072393,1.3442712233930723
116,-0.25288887765319884,2.821492374701593,-0.3026397845306414
117,-0.10722763772912187,1.9289220425669593,0.690148242507511
118,-2.433012602550218,1.2571410404943946,-1.9030274044113489
119,-0.5510895391746495,2.2221615507766215,-0.3562288302125362
120,0.739621928568222,1.4089566673657121,1.1253454920042347
121,1.3363217334183282,-0.2533369311683056,5.345388179195742
122,-1.1770869962477726,0.6639668398015722,3.0102218879464275
123,-0.46233500801967703,0.6182881794850422,0.4834423663441812
124,0.9784740793566489,1.4455704988958262,1.4812369749959453
125,-0.09680972631598432,2.109997993135226,0.4348261156167885
126,0.038487145949026275,1.2667621091578858,0.6875779128728096
127,-1.5971585012074712,1.208143574128487,3.361175555386427
128,-0.4795649160831234,1.9388406603940496,1.2965075188296693
129,-1.7928334730311446,1.1502881044421054,0.7828001731822645
130,-1.327101656141602,-0.1703892320490269,-1.1800133553094871
131,-2.384500834743531,-0.37458260552469214,-0.723822594811663
132,-2.936940102146614,-0.26386183006837843,-0.16763981598372188
133,-2.1468111338160654,-0.3682549518864602,-0.45330130146918735
134,-2.3698694883330425,0.45963480923116684,-1.1013997885920568
135,-3.0638415687203553,-0.35341283545840235,-1.0991241041153388
136,-3.915753783711892,-0.15458251944173151,0.22182779984104734
137,-3.936463390715965,-0.6596872334097813,1.7122154192145356
138,-3.094276117762276,-0.34884275927379504,-1.0268314134224492
139,-2.3744716280069245,-0.2919803515599938,1.2419143328305624
140,-2.778812947632516,-0.2868048728821741,0.6096701239723722
141,-2.28656128473847,-0.3725078446852983,-0.971643032360854
142,-2.985633487449467,-0.4892179083470114,0.9469529317999698
143,-2.3751946982271095,-0.48233371724487717,-0.25288399405333317
144,-2.2098655255958746,-1.1600525041576428,-1.2451252259210654
145,-2.6256210046927215,-0.5631607642108328,-0.8559610818033775
146,-4.2806387787510864,-0.649670964023704,-1.4581969616385664
147,-3.5826413720011074,-1.2727027497273005,-0.11078403762472674
148,-2.807063720081661,-1.570533787041197,-0.47252793457208614
149,-2.899659333023914,-2.041057007938463,-0.4959598102350933
150,-2.320736976549207,-2.3563660755566733,0.4376817436187609
151,-2.5498309472261393,-2.045283091019523,-0.3122679986509318
152,-1.8125412848423001,-1.5276459462687497,1.3625897815878687
153,-2.760144641923952,-2.1389323476426116,-0.9646286882006782
154,-2.737150500667992,-0.4098862708817895,-1.190404683966985
155,-3.6048688681834267,-1.802384217583966,-0.09403686133597172
156,-2.8898259968735087,-1.9252186131303421,-0.7823225555084463
157,-3.3921560768357244,-1.3118763884735951,1.6020259689000207
158,-1.0481818968536802,-3.515089691219731,1.160038565913228
159,-1.6099122828479386,-2.4066381595743276,0.548559697240711
160,-3.143130966743977,-0.7381610441757974,-0.09099872392222282
161,-2.2401568962695446,-1.1754652881188639,-0.10137693249612091
162,-2.847673776119521,-0.5560439658826734,0.8042152181010286
163,-2.597497056648765,-0.6979655372009188,-0.8849395211306332
164,-2.949299373134846,-1.5553089642839824,-0.98340072722494
165,-3.5300322663493127,-0.8825267962042349,-0.4660291277785387
166,-2.4061105404785557,-2.5923561750423967,0.42822621079957757
167,-2.9290847269674574,-1.2744469479044818,-1.2133582715051476
168,-2.1814127788126236,-2.077537312734515,0.7637825515581187
169,-2.3809277871356422,-2.58866743241859,1.4180440294968117
170,-3.211617215041249,0.2512491044255921,-0.8471291521285016
171,-3.6779187209738184,-0.8477478441497626,-1.3394202310855152
172,-2.465555798040451,-2.1937983036540927,-0.9187809604264887
173,-3.3705241454428636,-2.2162891398611357,-0.3425695124143221
174,-2.6019558512247394,-1.7572293509792742,0.20758135498125074
175,-2.6778394608645057,-2.7608991316745457,-0.9409418766769952
176,-2.387017091279723,-2.297346679712819,-0.550696197011087
177,-3.2087581641980245,-2.7689195660475736,1.0139136641131143
